13717
8584
57059
-4684
30049
-2863
4559
50417
67817
51417
14899
-59017
-3667
-584
92717
53979
36409
4438
-4609
60717
33749
-6991
23039
6532
-7225
85039
-18017
16709
54229
-2917
4325
42589
34009
-9895
-23117
96529
-4618
39017
2828
5724
-6618
-5147
4636
1179
41799
-3969
-66817
-1161
94569
-96117
7967
37539
7367
65417
-6460
97499
20609
362
-1587
30717
8484
-58917
-2128
-8545
9784
44499
97069
5021
55239
77059
854
83889
58419
28559
68069
-8137
-5775
59659
58839
9537
-7166
3637
37859
-7244
9937
-5021
97899
-6413
22029
1959
7928
56317
6352
-2585
82529
59249
29609
7307
-68217
86569
9542
11519
48409
94499
17399
-9894
-90417
65979
-2412
90817
-49117
17869
31789
62217
39417
6114
39019
3999
-1308
-3362
15417
31539
39209
95417
62017
83679
-9846
34599
89549
-6809
37517
29079
52579
-320
-83617
89517
7998
-1003
24717
87529
2553
662
-8371
9814
23309
6049
79517
3311
-97117
-71517
-8840
6544
-9396
6976
62849
-2505
-38817
9559
-5633
37579
8125
29699
46617
-6391
9369
4361
-2888
-2778
22819
-5194
144
8767
-41
1213
42119
37099
77
26759
81749
66509
-2964
-2858
36589
8256
29099
9338
3278
-1199
-1374
9183
-5932
99599
50099
-376
56217
-1489
-82017
86369
2601
51559
3760
9762
58369
-69817
19429
5709
5332
9474
36189
12217
68817
501
48449
6242
94017
1319
-5232
70029
95879
-6411
1993
65789
32759
71409
2847
-9573
22379
-9073
56249
26329
72517
-8618
4479
7289
53429
34117
-4522
7100
-9940
-1219
-2557
52249
34639
35069
-3384
89689
-1418
50117
2959
68009
60569
57579
8086
6902
-4913
-3679
28817
2893
6153
-5121
2741
23009
65349
5679
63009
9600
-1008
-9879
-9198
12539
12229
-4859
-81717
-5560
-97417
4698
4099
9319
-46917
6892
-21717
68169
-1162
-130
-7812
2509
64889
-3610
89019
-7255
7075
-1210
-12017
-66917
-6130
7959
-3101
25639
56049
28609
2510
-53217
3455
34539
6078
15079
5689
1614
-3798
7596
8301
-9210
48317
55249
70099
1483
39199
-7387
-7795
-2796
-9743
8467
62617
-52417
-4495
-5567
99169
-8937
36679
-84917
-70417
39309
4943
-3587
-1013
-7420
41929
4391
-94117
-683
-2388
8471
44569
64217
67339
-2237
88839
-8417
18017
6867
87119
-8514
71017
68017
41317
63189
9832
9479
24469
27929
41029
5763
74949
90349
72309
16069
68119
-90517
-659
-372
25717
9358
64029
20617
51689
2127
73689
-81117
-8813
-71817
7740
3473
43339
6122
-4871
-2173
-36417
80249
6106
25119
25769
49869
-3910
8051
5913
2120
7672
-99717
-313
91829
96389
-8786
-9376
77317
6678
-4863
-1811
-8592
634
35799
56599
-418
8295
83399
-2369
-80117
68317
-6306
-63117
4302
-69017
1769
82909
52079
-2907
-2444
-72517
8389
3298
4702
22869
-612
96229
5239
1949
9188
42349
6178
55609
96317
-8146
4647
-7611
-4329
2455
19417
9061
-1245
-3844
54417
93879
36909
19979
53517
-33917
-5327
48249
96499
-9795
-7745
20469
-1508
17717
90
-912
37239
3156
4308
1491
4825
24169
-13017
82319
27709
-59217
62719
90029
70617
69979
-877
8379
55817
-6055
-43217
40419
39719
-16617
824
9449
24109
42369
-92117
94779
79859
4777
72229
2339
37369
-5272
75517
1027
-6049
-4272
49749
9243
-6608
-8857
92359
16529
10249
43917
39817
-98017
1166
8576
6529
-76017
72679
89189
-56617
40129
4407
-4823
-97517
9992
39617
934
39579
-1847
47129
-144
-67117
257
-8874
-4304
5019
55117
-3713
71869
6195
80617
-3579
-9418
87659
8733
60999
50439
7478
-8464
3130
29349
31499
2825
18739
702
-7348
64799
-6385
1746
4406
85769
99017
97769
-2484
-4206
9502
37039
-7641
36759
-2677
4768
11779
40959
3670
51459
74579
29917
7853
-3037
65117
92679
32369
-2214
2822
-32617
57717
42239
49139
64119
6029
1689
26439
74017
87039
17649
2195
35619
-3049
26917
-383
475
41359
-3563
85017
3867
45189
342
21517
-51817
60069
11409
72619
1513
92089
88479
29017
-23217
49599
25909
95299
-5719
-33817
37617
-1426
-77217
7050
-4484
57169
1442
39279
43579
8744
-4249
73039
4126
-6268
3767
36517
82139
8165
-6440
-9553
-3804
28289
31759
6927
-1875
4379
73519
41917
6562
13969
-5389
922
31569
-98217
12949
27499
-4112
-85417
15739
49739
39559
42629
5221
21879
85209
20939
51879
40317
42359
64
-3813
82117
26519
-9018
-4454
31099
-50517
-512
-5980
-6950
-44517
48009
-3115
29159
66249
15879
-6924
70717
-9972
52117
15989
-5718
19259
-1932
76999
532
-15017
780
-2989
88659
96539
-28517
93717
5720
98369
83417
5249
93559
-125
-3373
-6635
43869
5283
-51517
74599
-9012
-9265
5581
-2839
-20517
9849
-8336
50629
-9987
-54117
23317
6663
-2607
88517
56299
65639
9049
6919
73649
6019
-32917
85879
8509
5912
20717
-472
-2612
51229
63309
-5710
-8128
64419
9381
88969
57619
88149
72379
53479
33439
7678
-25217
3093
7980
-8058
14079
69259
-7736
-8182
-76517
-45317
-3567
5725
-3768
-96217
6715
57799
7062
51669
196
-54017
36419
-9591
75679
8820
-4003
77617
8505
2373
-5997
75079
35869
54539
-9556
-385
71949
-5449
-51317
5213
60217
-9195
43329
17759
11639
7207
2470
-2618
-5071
73109
4183
-2164
64849
88189
6330
7951
823
5513
5296
90517
-6700
57839
8005
97959
64417
84317
12017
89219
-6674
-5690
-1576
-1348
57559
-3228
45729
56479
-1919
7166
17579
-65
82889
7076
-993
-700
8187
-4299
412
-2083
68249
5680
2330
-98317
8356
-18117
8662
-11917
-5832
59619
38079
-4653
47889
65609
6255
8939
10229
3369
52709
78617
3586
-97917
7046
-1107
3113
8719
9094
45289
5890
-2309
65817
5232
-413
-98717
92119
75017
-6095
6169
3603
-3671
26317
6164
47909
-9050
55859
42617
-5982
67329
20329
-9902
49359
89819
9313
-93817
-3812
44317
4814
1679
-7208
64859
29759
58199
-3074
-6046
-454
39439
8222
16229
51629
8072
-5512
20917
9029
26169
7647
814
3627
-6498
47117
-90317
22909
25699
-63817
9444
31469
-9609
17319
1778
-3375
-9177
73417
8337
36117
-4317
-5218
-7258
27179
1198
-5711
-7601
77079
24917
15369
-3953
54859
79719
6316
476
-4580
44817
2638
2413
60359
-4252
-3772
-23517
36539
-436
33819
498
66679
-6679
47089
24439
-3482
-679
-766
-3113
2061
27117
-74317
2277
2499
54199
93909
374
58799
6173
-83917
-7161
76149
4310
-964
91369
59939
47119
94769
-5568
-67417
91917
28919
50149
62509
-9762
-4176
67039
-3290
4082
8580
-82617
1031
31679
3392
39639
15017
-56117
2639
72817
29149
11499
-1651
-5618
-6622
7514
-8877
81419
1476
8636
3644
-72117
54439
6210
92599
75629
44017
-5458
-2783
82679
8753
60549
11417
7978
-6029
-44717
29069
73979
7891
-4467
17017
79789
-5580
68939
6917
-618
50169
99517
57389
75317
9336
4029
-81517
-417
40009
79617
-6229
28869
47169
-9000
-4951
49059
7889
9704
66059
22117
-6868
-9515
85499
8559
4150
-95517
172
162
18959
-6376
-702
-5212
7799
-2588
2532
3799
23117
29209
-56717
60879
37217
311
-2478
4776
-2008
-43817
-479
-9403
83989
21149
8711
26819
1626
-8868
-64717
62259
34817
-9417
-73717
63439
-5376
37879
54419
26079
-4118
64019
48817
64829
-3860
1939
63319
3243
-2835
67189
-5738
28017
-1578
-6031
1165
8989
3102
89489
-9336
37649
38649
37869
15917
12517
-37917
-1246
-2202
2813
72039
82017
2401
81209
-3480
86669
-3718
38729
3709
89999
64117
2954
-37317
40029
49389
5595
-6153
3628
-9382
-2360
54779
-4556
-46017
9747
25029
73449
32817
9509
71309
52759
-7734
90619
86817
-7580
-59617
1879
18789
-2321
-34317
55999
18317
13917
6599
6002
83179
57417
8258
32139
98529
-1887
16917
7528
8632
-8966
9798
24879
-80417
-3716
7704
9318
44617
73189
99117
-57
1536
52679
83259
-1513
-1584
51019
1719
9365
-88717
7213
88389
86959
1114
3423
46329
210
1309
11989
76649
70739
-2112
-4006
-1333
3509
112
2151
91849
-9312
43217
75699
-56017
67709
65917
96617
53119
69429
-198
16189
-52617
16129
51089
-3235
-4722
70309
-7567
-5493
6097
13017
13617
7319
58069
37917
-112
47359
85859
24679
2579
84509
97419
98689
7034
-5877
-2627
273
-4396
673
36119
68439
-5963
-610
754
-9222
8573
19399
15119
22439
47617
-1842
21489
7074
30417
-3490
-5857
46049
5160
-6768
-2662
62289
-8270
91717
14317
8650
7984
65029
-5494
76717
74459
58819
-5524
6105
51579
1418
8108
8679
1307
111
6228
46309
5046
8315
6394
9658
45239
35039
30517
3371
142
16619
52919
-54517
73789
94079
98409
-8667
6215
27517
4555
73579
-8982
-395
47649
-20717
2552
72529
98289
-5025
79709
37219
-5803
72639
20217
72809
39517
-16117
-42217
66619
-5125
32879
93217
-2993
52629
93249
-44917
96309
29317
89299
-9691
6979
54529
54919
55809
47029
33069
-87817
76419
8344
34859
66179
-8583
8858
-8432
8143
505
76529
49217
15279
-39217
-52017
148
71159
98417
45919
85459
52979
-3307
43989
-127
2273
43849
75019
32789
48699
37419
99519
10889
7241
62359
57517
89817
13649
2421
-2335
11069
-89917
-4664
-6336
12079
-8150
23379
-158
9911
44589
-5658
-1417
24019
5179
-4444
33809
3465
14969
-96517
-9547
381
-3102
43017
2272
98169
41629
-1256
-9456
79317
-7163
5649
-39117
96549
-3100
8718
56369
-1325
82039
46269
-4833
-2283
-13517
75099
5920
5949
8393
-78817
65649
472
5537
18517
92839
3919
64239
8664
90439
68459
90617
32117
-2606
6201
-7093
10609
6823
-3664
99409
4862
-5624
15319
4148
4898
-2387
5000
58489
-17517
46889
31229
3542
-2604
-7059
6218
4762
869
4644
14109
-95317
34749
7115
27589
81899
96279
67489
3413
56739
4805
5544
-3913
22009
7169
-3181
-6185
99717
-6118
-91017
24039
-5001
-9113
6416
7154
24817
4813
13399
34139
-93517
81849
70117
-2380
49919
17799
-2913
-7101
-5262
46029
52419
72179
-53317
-2946
1793
9282
1697
39699
6942
22979
-9037
952
-3826
5508
-88217
248
-3129
2227
1829
91417
12317
7032
9998
35417
-25
6419
67169
-75317
65039
47559
56669
7996
92019
24517
56117
1621
64717
-6612
-8604
-1829
32539
4727
75417
-38317
-4563
3259
1190
78479
71489
134
-91517
114
96569
-3167
-8077
68629
3229
-676
86859
-1652
-2889
89069
72017
-51117
73017
30129
996
-2923
7324
6016
24569
322
-7312
623
682
1539
80369
-9180
5868
-6709
89959
-7790
98679
87417
45259
5597
46359
-4287
-2692
61717
33589
71259
-7725
7930
89099
2913
24479
55419
-8864
-8318
36317
75617
-27317
18817
66709
82669
39899
-9684
40217
5914
3544
1039
88569
-9412
-6259
26209
83909
90889
59617
2332
7987
23029
-5395
-8555
7664
4390
16817
77269
392
-3412
49799
-9557
35717
86479
-9711
7882
21049
855
9404
75929
78279
7941
5819
24549
91139
8540
7839
28889
87617
87317
2213
9238
5573
-6113
-44617
4826
-3058
-138
5613
42009
-120
38209
71809
9876
1623
92849
-9950
-103
-3698
56239
-3418
-7013
9239
-3612
47699
95717
9245
7386
8547
58217
6427
-8413
97019
18679
-9654
-14617
405
-5882
3546
84979
-5813
-2347
-3643
88739
-22417
47009
41049
95119
-25017
48439
-77317
58517
3416
6884
80417
6099
50717
-3485
33469
44199
91617
-55417
-7121
7903
77839
997
15779
34759
80809
-7918
2468
5568
809
-713
-71917
86509
-8476
3844
9773
-1001
-6711
67279
-64917
-9640
-5577
5379
92317
-9871
87639
33279
-8512
-9742
24859
-2813
92949
-566
99917
4979
94119
68829
93399
85119
61859
85717
60269
72049
85489
1189
3233
-1018
-6342
16559
-81917
41489
89399
757
76617
986
77539
24489
57719
99739
50989
63899
13189
-849
-4742
81117
16117
76017
89079
9799
-8712
28379
-2236
92629
8279
8117
586
7231
44939
-30317
-5357
5309
8949
52949
6510
-2272
6321
67419
-951
37149
-4541
5459
17959
55329
26199
-119
-2818
59029
4031
4212
7494
18849
7539
8189
3197
10399
6898
-66017
83017
-7078
3402
-8962
58599
-32217
89629
-6454
-2013
3442
20999
7283
794
-6415
1363
13409
7677
-10917
38169
-2004
60229
26789
-80017
822
50879
8475
38339
6587
2324
78889
88029
-1912
-5188
26889
2360
-913
1866
-8820
68917
70359
644
85299
6339
-72217
42729
-90917
48179
-11
58109
61269
69249
8790
69919
-2852
88369
12849
6978
-3824
82549
-7019
-21417
28079
4827
32939
48029
60819
29739
89289
-4827
9665
98209
-5199
8477
74199
8419
82929
-9923
-9973
74117
-4740
-9476
-88317
36369
76659
11759
67719
-3668
46417
4169
4199
-9527
46217
-5483
47789
5723
74317
57
3255
81319
9919
45829
1141
9499
-9154
95217
53989
-1167
19369
8713
63279
41889
-4520
6747
-8118
11017
71789
-8568
689
5609
92529
10069
-48717
-3690
-9801
65009
2613
192
-1944
-8848
46117
-39017
4609
-9131
-4018
-6393
40439
6117
-7405
30469
14329
41519
4750
85689
58099
80117
-99017
-6784
-4949
16017
-2265
304
65189
42849
-76317
37959
14117
93317
2179
762
4213
44869
9182
89039
82
-30617
-93917
3489
74649
83617
50979
-461
9732
-3518
21899
22159
-9390
4145
3144
5058
33149
-25117
-9668
-812
554
33509
26669
-2904
-585
39789
-4343
5465
62929
-96617
6143
3836
26489
19817
2557
27189
-3282
54279
-7565
2650
21017
8926
-7149
-7143
5945
79999
82489
-35017
-8755
173
5280
-7322
7619
64939
5682
1613
20959
64817
46917
-5381
1257
21999
22409
-8933
44559
83217
-8395
9629
2109
11517
42969
96979
-20317
67959
2052
86579
92669
-9543
67117
9413
31479
67659
-4892
-1243
53569
10499
21309
2440
-6123
31117
2019
-5646
-2209
55349
-3771
256
-4198
26517
-7514
-4612
36099
-7008
98319
3740
45049
4485
22139
35899
-3618
2559
35917
-53517
41969
11717
-66117
7409
-2499
7339
4109
-6079
16417
-7788
83699
26909
77679
47599
90519
76217
40719
77739
88017
-12617
9797
-31717
3129
-17917
-8641
49469
72509
-16417
63499
65079
7438
43429
91569
75029
11239
12917
-58217
4456
347
91117
84099
4364
2829
9765
-6176
95179
2606
55719
-686
-8625
-67217
-37417
-841
6858
55617
63517
452
97217
-1483
86639
-96417
5571
26089
34019
21959
50839
6061
25269
7590
20379
9146
20299
-429
-5631
83549
64379
94517
-3972
5812
-8920
36217
-19017
6617
85329
9077
-73017
-6900
-26917
30809
33169
10317
-29917
6012
622
-3211
8135
25859
-214
4854
18399
-81
34559
33429
-309
-6183
25099
3377
-7388
3004
8832
55679
-1469
-45417
50089
77489
-4109
69309
46079
85019
-1362
24579
19619
98509
-1228
6525
-59417
4106
1713
1723
-7588
70119
44859
3814
67079
-49417
4923
-38417
2888
-53617
3590
-14117
80799
52639
96579
78117
-52817
-68317
-31017
6359
2241
70139
69917
56417
84669
193
66409
44999
-36717
82299
71269
86217
4060
51679
24099
30017
4113
21229
96109
44639
-8
36817
15939
42059
69749
90809
2679
6193
76269
-1593
-718
-6718
57149
-5152
8056
-8477
-3934
-95
56059
78089
-18717
-10717
65269
61289
23319
78639
74417
46459
6131
96189
7198
1639
13739
-6496
3703
49117
-6628
-1542
8206
97449
6999
93819
47369
60119
50079
80479
722
27019
-99417
-8765
8347
79729
215
-4002
42069
-6335
-1787
-7095
-4792
-2110
6629
-9021
-1012
77709
-200
5131
69049
11419
-73217
67589
7035
78917
4291
50619
-6651
90259
-6238
-74417
71317
61909
4442
77559
55169
8120
-3378
38149
28359
69317
63929
9587
9817
3252
59889
58917
1899
69717
-50317
9724
-2577
24949
92189
4757
-9375
25517
62099
-3110
82609
51209
43739
2938
87239
-5008
63299
-4499
57019
38217
-8612
-1387
-6826
8717
5049
454
47409
-80317
-45217
81609
21789
2171
-1464
-2668
77509
-1606
90479
54117
3066
6799
7804
-6333
49519
-987
79169
18409
68339
37569
51189
-78517
-8459
81169
15009
61659
97439
8087
-1022
-2317
1043
60979
2739
29599
-79417
59017
12617
92739
6191
-6383
-1700
-9414
29517
34039
-99817
9027
32
56099
-95417
-1268
84517
19919
7824
98879
-6208
5870
3541
-9736
6801
82779
1699
1789
594
75559
9599
74309
-6462
4096
1798
59649
3749
-42117
6013
774
4969
11879
8274
61129
8343
76799
90059
60129
2245
2976
28317
-7297
39039
-7363
5847
21749
76569
7645
70049
99369
2456
-9479
55769
494
41659
8093
6923
70959
38779
49109
-17417
-6485
-80517
-6261
1484
47639
66949
12519
4130
98519
41409
46229
-1403
4524
9636
52489
42739
6797
6317
82739
8699
21839
84769
76749
1229
11799
84917
20919
-32717
6605
3142
50869
9925
6349
2610
5667
32589
5664
38369
6869
-88117
6060
-6974
88979
-6001
-6573
92039
63399
-9779
8708
2361
4272
1676
65259
82579
-1945
7234
-519
8614
-1318
-412
-863
66859
70799
-5244
473
91389
-43617
2896
23999
-70517
82069
262
8607
-46217
-3099
-5867
-7600
5701
17989
395
8161
7451
3765
-3670
-788
-7346
8513
34717
69817
56139
7795
1428
83817
6356
8635
46069
71929
-9610
-6085
47809
97479
61319
84949
34099
87299
9143
97149
6847
6273
24919
-31317
9329
88717
7776
23717
51139
6845
7447
5494
-5689
-1653
-8468
-8048
-4899
76509
-7818
49689
8313
6873
-85117
-61317
80539
-6799
-5053
-6141
8730
1974
46769
5879
79649
21529
29979
-850
81017
59117
885
-697
75249
95009
19139
22559
7813
7359
14917
3213
74479
24317
-3656
3667
92329
-6966
52289
1693
78239
47217
79919
3529
47689
57119
18217
6965
17559
-45817
78809
97209
44029
87329
8530
84859
-28417
-5065
9613
-6018
-62617
32569
-4012
19419
65209
95529
38529
2841
73909
2003
24049
39219
84839
72919
83029
-17717
-9513
8153
205
48389
82769
5999
70229
67239
78549
15599
39059
22569
-56217
-3775
6790
28059
-87217
33817
9462
-8957
25619
79449
744
63979
2069
15549
-4829
5530
38359
96117
37669
17329
48209
-26717
15379
-8358
-4207
81999
27417
46859
8281
2110
-4022
29019
12279
-2393
16317
6778
738
32017
77017
67069
8839
9345
42659
-2753
31769
31017
19379
6387
-5402
83829
968
6667
81817
42817
-813
45949
25917
-6463
27289
66417
2457
24899
34917
59769
79429
-81817
-3791
-27417
59417
76229
99749
5264
99559
962
41749
-2020
12929
95699
23649
331
89017
-6367
34899
4659
-2511
5346
-7706
-49317
9417
62117
-7541
-63517
6859
4013
-3310
1505
1665
40809
792
94849
237
63639
-77717
-8832
3059
84117
-20117
70909
334
-5931
-5562
-2433
3309
84049
94917
1908
-6754
53559
7245
53799
892
-30517
77849
21699
-59117
5643
-3795
4168
-6143
-6187
41579
94999
66549
5441
67409
-8266
24449
85759
-4735
24149
2497
81389
5038
9567
63869
-76117
6524
-2080
33479
34069
94479
72359
-3139
77609
9076
4040
84279
7654
96817
50139
-3313
234
-50817
67749
59439
63919
-9675
-924
29717
2224
974
37849
85029
25059
3221
63317
65159
6011
27509
1049
-6389
68379
98069
28529
54479
93859
648
-318
7428
47917
53617
68549
68217
-6396
19219
-52317
-4992
61639
53459
51749
72009
-7925
95817
5135
-267
5772
-4097
3329
5324
6056
44219
85317
8610
61409
-86917
92817
832
35759
804
-7127
-7372
-85817
6489
43139
86739
252
-1031
7006
-39717
2760
-4419
-6842
244
88269
54717
8952
6208
-7643
7469
4731
4599
57829
45809
37889
-1514
42917
7280
-4014
86269
-9518
783
-2148
31919
9603
9871
62369
7072
-4458
-49817
39069
394
35817
-2732
-8026
70017
-4110
90719
-5920
9274
73559
-4260
46017
92209
80517
99317
-1938
-8334
3946
-92617
28229
3887
-7653
-8788
76417
5951
31417
5129
12659
-9495
43117
24629
-8812
-11817
-21117
-6889
88039
6831
54269
91489
81519
22629
11309
-8935
54709
-6256
75329
13949
-8264
-5365
79839
44279
-5413
-58617
71117
92079
51569
-6467
2177
1479
-9576
3905
-4512
79589
59589
53149
39917
2779
8677
25617
-8804
58559
7269
38809
45679
-31417
94919
35349
70417
2909
137
26539
19099
71517
98719
-6840
-2140
-5215
1834
-4013
1854
18117
-2980
-2693
3349
5227
-4807
1779
6484
-1548
-619
21269
3798
6070
26379
-37717
5874
1122
-3012
49589
55919
33539
54719
86519
-1902
32459
-22617
6539
65439
-3712
77159
-9319
-8888
-76417
4011
49169
7158
76629
-8260
-86517
-7804
-33317
-34517
61117
6660
-6681
54509
78069
4500
9193
2298
39849
47059
47419
-33417
-4818
-2738
-8818
8770
-9760
49899
-8411
-8212
29217
-3260
7705
-2034
7179
89949
912
37299
20509
-17617
75139
84017
67089
95029
4054
-3382
60699
95917
80089
1265
98017
96849
60917
53217
1399
79899
29689
15617
-9587
8069
-5061
246
5156
-6513
-2924
-1892
89989
-666
75217
40779
-48917
-8797
143
88859
-4683
40559
16717
75469
-8061
-13917
3713
87049
87259
67449
52549
36617
19029
27919
12939
3539
-65117
-2316
42949
41989
27429
1806
88819
-2420
5669
4009
35849
25329
-1118
-33
12817
9547
-23417
11839
54949
50589
-37617
65419
183
-7690
-7109
2886
714
-8872
-87517
-107
-30017
9541
-92517
83609
-7245
-4537
52069
5969
73079
-4791
-7801
764
61799
23417
22199
7374
9908
5539
4139
-9877
9284
35499
-59317
-8125
-5077
37317
7468
66879
-9813
37119
2383
-7105
51489
-91217
5259
-64217
7345
242
6861
4638
-8479
58029
3906
-2402
34369
38917
68109
-2960
11917
3013
74719
97999
-99117
7479
-89417
45339
3839
48999
4225
-68
-8244
-46717
3913
8073
-8838
-89217
28899
31019
66069
-86817
5703
-74617
23479
59169
16449
83319
2031
-3728
-667
-5066
61589
13529
1188
-9264
43529
3762
89717
-2512
97429
71909
9978
-4681
53209
-67617
-1288
-3764
1919
69517
97979
12619
-79717
19759
5993
9977
9058
424
62449
2400
2467
43749
-7963
76117
14517
8403
31817
14617
64017
1931
3907
20789
28269
-118
3933
-2709
584
-1618
99589
-9544
-10
61259
-9500
9259
-51617
-33717
-9367
5349
-5810
75639
-8404
8501
-414
-62517
5142
39317
88849
-9323
28719
-7628
62799
97789
-2386
78799
90229
95809
-88
-8719
5559
-2313
4134
28769
29509
51399
70219
-4746
75717
-7253
70249
-94217
9370
7300
33009
57509
64319
80819
-82217
-1213
-4218
34409
61017
6461
9070
2431
-6144
86909
-8929
713
67539
-4649
83209
-4494
69869
4803
-6908
-5613
77099
-1721
86699
-93417
55639
-8918
-29117
-8753
22017
-7811
79769
1063
-9960
-518
28969
39659
-3073
-51217
1777
65717
-97217
35459
15217
1413
583
6928
872
940
52459
-6586
47829
2104
-14417
2133
6737
-2999
-44017
34569
-7185
7369
-1818
55449
82219
25759
16609
44019
93117
4250
79217
-2069
-6129
22949
-4229
9795
-9218
-17117
6472
87689
-4313
-9756
-8861
44259
-818
33639
65059
68369
-325
96017
-83117
47219
7078
74959
2939
7623
4967
954
-8860
41517
64059
2649
41039
-6258
-9502
-32517
30439
64839
45899
-6977
391
-3957
-47917
6410
38317
7997
-9807
62209
-1676
1313
5606
98317
-46417
-4656
19179
35819
-7279
-46517
8268
49909
52279
-8233
22817
93869
-3865
3600
59309
11317
-4614
-41217
82459
-5213
61919
-7213
5447
36309
-6648
61019
-94017
77217
93069
-3238
57549
23159
25149
4713
1079
20317
-9524
-4148
-4693
-340
75309
-2192
86779
-6479
-8844
61817
-10817
45417
-24817
27817
-41717
-3889
-1230
85529
31719
9757
77319
12829
-9838
-85917
54517
79209
-23617
-77617
3834
8831
88817
86017
-1130
35749
6614
-35917
1499
-5479
98817
-463
8856
-62417
62517
80439
99889
-5806
7270
44239
11817
1282
-5535
-2701
44059
8059
-90117
4338
6459
-38917
5917
-7311
26217
3448
48039
69459
27217
38319
-8871
-6193
49489
56917
25
71109
3257
77629
8933
9380
2101
19839
3083
-9888
83019
3552
81879
3925
48417
10139
-6518
27559
31179
-2163
-19117
-5163
815
74269
555
71589
21717
83629
44419
-2482
-2955
30079
12117
1333
76517
22539
81969
-4536
16679
1259
9674
332
7947
90979
882
3343
-4113
8781
73269
4155
5554
9148
49249
-9957
62279
6214
7000
72617
62649
-973
90609
82849
222
-3342
7687
82899
-7058
184
-9512
-8983
47249
4719
-1184
22
414
19169
13179
17669
95499
78369
479
68517
9069
16517
1743
74929
68717
-2371
-7631
-35117
28799
-365
-2513
94909
69669
34617
72909
66699
-43317
80169
65509
6372
90309
-5791
62499
59229
9325
84889
58269
97539
62639
9831
87389
68589
-25617
-268
69499
53609
2483
97599
89
-5741
1742
724
-6241
95909
93999
59679
3488
-1120
-68517
-76817
46099
-6040
23979
57759
83579
48279
63117
5729
-54217
95317
7829
82349
65399
84459
-1026
-86417
274
-27017
-7591
89089
76989
-6692
-5883
-9070
8582
-18317
-5421
18669
89179
-41117
25849
60899
61779
57917
-3087
-2706
90069
-87017
-2220
1356
-728
5193
66109
55629
4149
53539
-2259
10629
62759
-3112
-5312
99379
-9061
-7293
38019
59409
18729
23017
28617
77549
26549
24979
70079
1902
-19717
73379
-5045
-5513
-9585
92239
-9796
4465
40139
15717
3409
68759
60849
1603
-43017
75817
47017
97299
3499
57449
-1710
88617
4270
69989
89509
59129
28239
2598
3108
34969
1864
5276
2884
-7418
-1392
43619
8420
66217
9350
-1260
61649
-1636
7097
27959
76789
85469
-2260
43809
31979
40659
5639
93049
44799
83079
-8518
85699
-6666
9834
34209
-4289
-2406
319
4276
35669
-1803
18509
-94917
8779
21859
-7513
-312
-758
3850
-8711
95869
70517
18419
8112
227
7791
57217
94609
-63017
4001
80859
-6938
93839
7620
4363
49849
3000
-52517
-91617
-19417
-1913
-3491
5954
-72417
33617
-2959
-1156
38117
3921
82409
83317
53319
28959
47317
9788
-3779
-80917
74259
8449
-3888
53289
-8091
3016
19917
-81217
-9235
-755
99919
-58017
6541
96969
1342
4603
929
5939
7713
20819
20129
7009
2039
35889
85539
41539
-9949
89679
12589
56649
3879
-50217
60719
4840
-2997
91709
-48817
-6154
-2182
86717
12709
97689
71419
72439
-6556
89417
-79817
2091
-86017
-1413
52309
65759
17589
29769
60239
-6137
1459
-9124
38139
78039
27799
51349
60509
2092
2743
-39517
56889
52017
49569
9359
12689
92869
7887
62309
9451
74779
-6713
78017
96909
-8815
16859
-1779
3503
-9162
6575
15619
86317
-970
-3330
1861
79417
-1289
-181
44929
39389
6113
76159
22929
13359
34129
38789
14369
60929
-8670
913
-9820
85919
8598
6182
68849
1640
-2718
76129
23917
4459
40329
5471
45479
4513
-21917
33519
72109
-4905
-11017
48089
62417
73309
-7175
76729
732
9671
87789
7265
-78417
87209
-52117
4311
58129
91419
19129
36139
85849
60517
88129
-2815
-72917
4258
84717
48289
35119
5194
92917
4682
7819
-6013
57029
-73617
-88817
7854
-9737
7961
-19317
3672
1312
63579
66079
-3504
-88917
37829
-41617
5813
5269
94099
67559
-5037
17289
7108
-3200
69839
-70817
-8873
11829
-73117
99259
35159
51769
21649
2024
-507
71359
17517
8925
35517
23659
13439
-7112
-2064
-3357
462
72
-2793
-54617
3087
67229
37529
-8554
-7490
-724
-2218
30449
-2044
-83417
68039
7720
8068
8109
-5177
52969
-24317
41859
23269
90629
-14817
5073
79717
-4623
52829
-11517
86529
6586
60249
24079
44917
18699
32549
212
-14917
29779
95659
17217
52239
29999
37939
87409
-8723
5166
3742
-8312
31319
73517
42449
-2217
97189
8207
-7713
3859
-7282
45529
-5114
62419
-7216
48379
7371
66117
4796
3882
-55917
19569
61889
-20617
33859
82559
6578
10117
76029
5818
6199
-75617
86239
6645
-55017
-4648
77817
-3781
42789
38717
-7776
-9027
-2994
-70017
71609
687
-4413
53389
78317
2275
91817
65939
67049
-4875
52189
-3413
96369
69649
-6421
66317
-3376
94029
90489
65959
10459
76939
7225
77917
87579
5934
7325
-84017
24
-48217
-5291
-7902
6103
90717
-1032
74919
3719
82417
90949
1518
2891
2657
-3922
-5505
-4064
-3941
85479
5861
-8742
48709
-449
23617
95729
42779
-5392
8349
-7086
2233
7929
70709
-3778
-516
-8198
-7722
3948
74389
-9575
-1581
36129
33339
77869
58817
25919
-84817
9586
35109
47449
22839
-4275
58529
28109
93039
9236
-8492
404
21419
88089
-458
94049
-1719
-8015
78969
-787
20517
20029
7197
-5132
4527
74879
84139
95517
31717
-1712
96069
51059
47239
35549
35329
7136
34289
79249
3018
48017
-1855
-8012
-4761
-9912
68839
-9785
9709
9213
-5671
94317
70179
-977
566
50017
22517
-93717
13909
-1456
49969
-9612
2337
-7694
5419
12179
8825
83529
25479
38279
6731
-3608
5507
1048
22429
20799
8993
83709
39469
5892
-25817
90117
9242
-3549
9650
43569
-9307
-1269
21617
84349
-1136
5273
40017
18529
5590
70529
-24217
69809
62519
77479
76549
4458
38609
49409
71617
-7633
-6312
1369
-51717
-4508
6613
54339
66
-5404
-77017
57129
44
82809
-2583
1897
-4978
17019
-7148
88289
7742
99417
28819
15629
4413
20817
-96817
97699
13829
-1738
6955
-954
8240
-62117
-7743
87839
57519
-1312
-5594
78919
-17817
33159
99439
59717
11259
-3613
77569
53519
15109
60329
18949
27719
51299
45249
3179
75117
-3083
59259
704
-218
45929
90217
64929
36399
818
9675
-6353
8396
-1499
-1218
-4770
944
2214
31189
15489
654
30429
264
56919
-5781
8813
-3502
-28217
35009
35469
29469
-5451
21709
33739
46469
33759
5338
10549
-6528
-1812
6913
-8279
-9926
85669
96089
69019
9362
98217
-2827
95859
-6330
62339
5139
72969
-39317
710
6084
-54717
96799
4988
-7032
-5012
78139
68919
-9209
27579
93419
9389
-2705
-5989
5339
81029
6418
3186
-9730
15059
-4082
19309
4878
1120
-66617
-6636
-7446
58439
8213
42717
90179
-39417
59517
-5349
43589
35959
87249
43009
84079
-16717
543
-6319
13329
-7833
-3079
99669
-82317
492
-18817
31317
-1989
-7850
51739
51369
-26617
7828
-22117
10429
-213
-57017
9896
58669
64169
123
59729
35519
7285
-71717
22917
-7980
96859
-8886
-5410
-7176
2866
-31217
86829
60429
-2445
-2968
72217
17849
42909
64979
75889
76389
93259
-7286
8913
8599
23589
5313
90917
4593
92199
313
35679
15
63039
17249
-4154
10129
-5342
34669
-3125
54849
57689
68669
-72817
-6861
44519
29539
407
-27517
34839
16617
-594
-5498
8311
3161
8424
-943
6839
68129
-9709
-7660
-2156
-1713
-9948
23129
-7564
5948
3374
68329
-38117
30249
-9204
-4812
1393
-99917
87219
36969
-37117
-35417
40379
71459
1500
8688
-4034
-8718
-444
15919
-6818
-57617
88879
-4982
12239
18589
526
-1868
60017
-3512
3139
98749
-8985
8339
47817
87517
-926
-57117
75319
86917
-86717
542
6129
-5821
7119
14459
32517
69189
60949
48839
4770
2620
23209
66649
25017
-4758
6643
1709
78759
58139
67309
87717
17279
67849
35939
113
27539
65317
5927
99639
4596
7625
9460
91549
57489
58159
-3884
9973
-2784
96217
-6109
9075
29459
-33117
64617
-5644
20089
-2464
99549
-2169
90689
9099
14017
76929
-9499
7059
35829
11569
93019
6435
9734
-62017
34239
46819
80789
91699
14417
68579
-7440
-87117
-4156
6358
-375
43829
-2859
36779
6374
32969
-84117
-4008
-8939
444
94689
39829
1384
58919
66449
20289
562
26599
14129
31969
2531
94409
-15617
-3686
-72717
2750
-54917
-3948
-6933
57909
61479
56617
3530
63509
1887
-2760
-797
90409
-12817
-8816
49559
56717
1724
66219
8325
13117
5671
40539
-28817
4443
27159
-27217
-3570
80449
1222
-20
5286
-1918
33219
54879
-623
3039
850
3242
45719
64679
42099
-49917
-1037
82959
44009
-822
72117
55069
-65817
5779
-7318
-64517
-1862
202
-3163
14499
-12317
44217
5713
63739
8119
64269
-6570
7762
37049
42549
-9015
-1561
85799
-5850
16009
-5891
50609
-49617
16489
9742
-68417
-33017
25729
-5023
84759
2748
-71417
35299
6717
1133
40389
80649
79159
-4370
62469
-2346
4189
-834
56749
63217
80309
7333
64549
-4518
7008
-6912
-5913
-3715
51217
80717
21509
2189
23989
-9876
43789
-94717
-9352
13789
92939
-71217
45817
6743
52217
79599
1822
-29417
17819
28417
-2063
-80617
-5918
3014
53859
46189
8374
8621
2846
5011
-74217
-2931
81617
21949
1827
87859
35879
-3851
66289
3571
51069
-83017
70609
28829
1021
45117
20239
29549
30817
21979
-68817
40799
534
2239
31169
47469
8283
6513
69709
8996
71009
8436
16389
84739
40989
26709
7534
5184
-709
5582
-7397
95629
-1718
2799
75609
86649
-4852
76909
62917
16629
-1272
-3267
10417
8579
70339
54969
77789
-6831
7004
36509
4551
-6749
1921
7858
3149
-60917
9753
39519
3706
93899
24659
96449
47299
4353
-7920
-4546
54217
15389
59
61669
-50017
15229
-2277
82429
-69517
8197
68617
1610
7777
49517
284
2709
-9765
-15417
-24617
82359
22059
-95617
25399
5652
-126
79139
6217
-1518
56517
97159
63489
-70117
7525
35229
4251
79969
-12717
99059
48617
-2870
74717
-4346
4703
18249
951
-3951
53117
-7414
-7212
-2390
-2139
-68117
-67917
68409
436
22079
-8758
8815
646
-5762
37269
9464
59609
-515
46389
-72
6423
32617
88219
29309
91589
-113
164
48479
9081
2489
50317
41949
80629
78717
5398
95399
2519
3572
4252
15117
71199
-105
27789
74659
474
52769
-1249
24217
69619
5469
1997
26979
7148
-90817
31059
-749
53629
19319
-8313
1059
-1994
67199
-3912
2249
1772
70817
-5436
6123
53817
60059
2840
-9699
95769
-3701
36109
86617
6609
11217
28917
-28917
96559
83479
94959
-2939
-918
10189
43399
36269
-2224
16217
62899
8969
4651
-76217
97817
50789
1171
16999
49419
-60417
97117
-3359
-7657
2899
76519
-753
7548
29819
7662
58049
52039
-73317
602
1017
-8268
50739
56339
1149
2591
-7288
21117
4709
92289
12059
66999
-7939
48217
-8881
-2391
7845
-7218
-5149
-42317
7313
31409
-2105
94217
50917
-8224
43517
4371
94899
92219
-55817
-48417
66279
88117
-21317
-5331
80389
-6213
522
17109
5885
-94517
80559
-1962
7071
-85517
1159
-28017
7109
-9077
1692
7993
45689
694
-7307
-2432
26629
41899
2420
-17317
84539
-9983
-7267
-45117
3937
12039
-2678
7763
-764
93889
4615
7085
38059
49917
41717
73769
-7667
36009
40717
74299
51617
-1891
-2403
7770
-23717
-1052
55889
9432
67119
5653
82469
-2912
18129
5991
-8144
4922
75619
88417
7215
-8281
4318
27529
6549
54617
9880
49189
-40317
64317
63379
7912
5099
642
8680
3849
29419
92169
59369
-5112
82749
41429
48139
12569
-425
65749
4939
-13817
14629
-2031
-9013
21217
-7718
81217
-3067
58429
4137
-2613
6589
29879
-6918
-9565
39117
4449
2395
38219
69379
12309
4399
42517
14809
204
-7881
-5348
828
7759
734
-7039
-27917
8953
-98917
-18217
58389
72929
35969
94139
73917
-735
91869
2232
50919
802
8604
-6541
5697
15809
26617
14219
-19217
2675
48239
35117
-5124
94529
1082
-500
-41817
-4529
84749
-9658
2199
-7613
72979
-7290
41249
47417
8170
57317
91017
16959
10909
2469
3419
-7499
32559
48829
10217
5149
-20017
2159
-36817
-7976
-497
40459
4077
-5800
-7777
-5180
9277
28117
99649
58289
82089
-6012
9869
53417
-286
3550
-6817
4591
6350
-87917
-6723
4091
2842
81989
53369
44769
2482
9763
75339
91317
-8770
78817
-4412
-2373
7070
90649
-14517
41017
1089
442
63999
-2193
98859
52317
-81317
7994
62879
906
9806
20719
59749
2713
20417
77049
-5969
38679
33059
-44
92049
-8204
73317
3555
7123
31217
33179
-92217
96079
-87417
24529
834
18417
-17017
-1412
50059
96469
4188
1283
4032
60139
93669
-5171
-70217
87817
-5516
-89617
-8490
9967
75859
1488
8480
-2235
7660
5053
-5926
76049
-8222
68219
10079
60099
70979
-12417
2333
-7157
-3551
-4912
74769
77989
-9718
45549
35599
98117
-9656
86559
13749
45089
32599
-7500
57369
36239
5253
902
92417
927
13289
90679
63617
64069
-7696
-3118
21349
364
56609
-2016
-668
-4212
74917
174
70539
432
88519
30479
85259
-3023
-513
36339
5008
70589
16479
10517
2216
61189
82369
7389
17339
-4907
94109
72709
-7123
8472
29799
937
7865
75369
6993
50729
84689
21417
6249
5500
-7612
37549
-98117
-3248
-1331
619
-3055
9173
4956
44609
-2546
24017
80829
66399
54619
61217
4574
-6135
-24517
57379
35559
71579
-281
54649
-6887
4867
33717
-274
-902
90469
-4539
1279
15709
36259
13609
-185
-6324
-30217
81639
68417
-2981
-7226
2918
-108
-4831
87439
-21017
60317
14619
1439
61359
-3057
10329
-15817
-4228
-9566
-42517
16799
-9703
2223
-93617
7733
-46317
53259
17059
52139
-5126
5101
-5553
-34117
-5427
92159
52
41109
82379
77909
-6780
23599
37639
-3599
22529
982
85417
9174
-8622
909
6021
1347
-2160
2161
82917
4751
1651
73329
992
9866
-53717
-391
-5157
61749
6692
-8151
48989
51917
-6262
9986
9933
-5676
37169
-6375
-3811
-6180
-73517
-50417
9383
86349
26049
-97017
503
19317
5159
346
37417
5838
40889
47209
-57817
-53817
8774
33779
24889
-3348
5989
77499
56959
44117
41959
93929
3051
8732
4989
18229
384
42799
25609
81369
68079
-5544
-29717
-59517
39729
-9798
35979
7279
19717
5076
74999
-36917
29289
20879
5059
2299
-91717
-66417
62379
-29017
-8107
99817
451
98339
6939
48189
9611
92117
552
30649
88917
52869
89929
63449
-1416
-8897
-5239
64879
4679
-1838
9809
24429
-7442
39217
34317
-36617
-3640
-3028
39159
6431
8609
-5634
44109
852
76689
-923
64259
79659
20479
-14217
-607
-5174
92749
17709
7122
7454
-9832
7260
97029
-276
-5418
22099
-5861
-90717
33317
-8685
-1005
-9913
47589
64349
-9370
-8475
477
72939
-8156
85117
-5992
44269
41217
70317
-4408
71819
-75717
1612
-10417
5894
71629
-6380
-37817
3336
8504
33959
5113
23889
4179
-3846
6689
-3947
4367
-3369
-7460
42639
7439
92
46249
-1175
84339
-854
51249
8159
5071
-7761
65517
88199
34469
15817
35239
25289
71959
-3048
10789
90299
43617
11617
6934
14699
25509
53219
93519
-9817
9219
-99317
-4924
-3832
81439
-8506
2059
8150
84817
4043
4809
-93217
2934
94939
-7332
-562
-7666
-4318
98029
-37017
84729
179
-3864
6846
24119
19869
-3721
45917
29617
8181
-6096
50229
-1283
-51917
-5876
23049
5319
67869
2513
-5258
53017
6959
43889
34659
98399
14709
-5682
-61017
-9212
69859
29709
79569
352
-34217
14919
8341
8775
-1613
-47817
62019
-1937
-15917
87359
59217
-7214
-96717
8644
46717
31589
-56817
-5035
-571
67917
-9998
-47317
6258
4132
-11417
4744
862
-91
-52917
13059
8113
33917
1494
61509
41849
1951
-6551
4872
49717
-13317
-8905
95679
-3876
88999
-4514
-4983
87449
32979
91659
-8998
7835
88359
-9818
2367
-29817
-2572
93579
70319
-3364
77117
-88517
-9712
26619
2040
-7413
574
-6035
3373
8290
3537
-1174
59139
86019
58979
-61417
102
97139
3645
47489
5413
972
9929
-187
-42917
17949
-6244
85559
10749
-5812
119
7150
-1108
4435
-4423
4795
-5388
8940
10717
-5017
52019
83819
82229
42859
-5118
-2238
-6038
6462
6677
62229
-27817
13869
64759
69017
5359
8269
50817
80989
69417
25899
43919
-77417
-6721
70379
-8161
-95817
1359
97169
20669
55417
2266
-7229
72279
6842
1615
55717
-6327
79009
44439
9002
-71017
8907
24279
98249
-388
6243
-82717
-5310
7583
-1428
224
-61717
614
75219
-5074
-5993
12889
17229
41789
2006
73129
835
7754
-43417
-4945
-71617
7165
563
-79117
28119
-70917
95617
-7194
20499
43349
1013
54109
-2285
79279
1416
4885
93017
-21617
-94417
61179
9563
55289
81429
-4972
-7035
75899
9397
28069
20099
558
41369
-4668
45017
-8071
1706
62069
-9641
35639
1669
97829
5925
6498
-44817
97017
-28117
-41317
93617
38919
9518
4649
82049
-920
-115
26989
15329
1322
67017
-3327
48049
-2012
42
7436
3822
33089
89269
14817
-1106
-8515
60709
-504
-2418
7696
51319
-5565
2988
88279
88559
55319
3237
8879
30819
3134
90089
-87617
81917
45449
38499
-3323
62219
84
-7656
83917
41019
-302
14217
-63217
386
96289
4158
73319
81569
4306
18649
39759
-9618
21479
-69717
-9369
8043
30209
-66517
9902
37717
97239
510
11939
-5979
34949
49119
78099
2080
-9625
-9409
2396
59317
-1527
96917
21679
-3160
372
684
1982
23459
39569
-3740
-628
9564
504
4925
-869
7036
6135
83729
84489
96939
78659
-9465
50929
8385
52899
17129
17039
43659
-4168
-53017
-9506
93599
-13617
-6614
62589
48917
69719
9585
49017
87899
-6139
90099
-5169
-7504
2013
-7843
664
-7909
-3533
80239
96879
-5360
7113
2439
53717
29949
-743
24609
48579
79817
43199
-1274
83899
55669
47749
-250
19217
85779
-5072
89117
-10517
-6091
34489
1900
83849
3914
-9788
61549
-25917
5884
-82517
-41017
56899
33869
-63317
2194
-5736
57017
-1658
-4824
6442
-853
7774
96059
5929
86039
66419
693
20439
3399
3866
-2812
-2802
2560
324
30919
3708
83269
9950
38859
-5912
25739
786
-4594
-27617
99709
79689
79779
2900
3153
19899
56719
77819
96417
5592
54869
-7091
1065
61517
6769
-1836
-31817
33829
-73417
-1629
73669
-4743
-85017
2079
-7154
-2713
21549
9523
8887
97269
6483
83439
1119
-36517
-4083
-1474
96949
-28617
6460
-26217
6139
87479
95017
98499
83717
-8013
63917
2864
864
4810
46517
2568
2252
97619
-7448
8859
34339
-542
53729
3117
-9644
-2507
866
93739
-5733
-58717
7262
8009
3984
-2170
-6410
22989
-3806
-3874
66559
25209
-6070
23217
6409
8027
-3314
9569
-30817
17639
5376
-16017
-34717
-65417
85369
4057
-66317
3238
3510
3165
93729
1628
813
-40217
39339
-84617
65139
44409
-1104
-904
20369
344
70769
86517
92017
3049
-21517
19517
9949
-9413
76539
-1226
77749
72519
78999
27279
9000
1759
66029
3688
1826
7989
48969
69489
-55717
-3992
65969
2623
-4624
-7268
97709
6244
7015
-13717
-4800
5966
16319
8132
4933
5789
3813
48959
-3583
44399
2034
-2125
5495
124
-8932
31299
-5966
96199
226
-9652
2331
70259
45209
-79317
8746
34459
41417
42317
5839
-8756
-2855
2989
10709
5470
28209
3659
-26117
15749
-839
95969
92889
513
-9267
-2231
83119
-7441
-6604
6872
34349
-57517
85917
-3530
85409
28517
-7131
20117
1125
4546
74517
1028
30217
871
93919
48659
8144
2026
98549
78417
94117
94829
-9313
30317
55379
86499
80009
8229
9987
4020
39769
56017
89499
43839
-66717
132
27129
-2252
-6853
-5305
-8866
44889
2759
-8616
-83817
-89117
46317
5601
-6877
2095
-75917
-9411
66617
6899
68349
7689
70509
12909
24799
-43
79089
20899
3969
-6705
3357
17859
-9714
21317
-2762
-3855
3980
98159
9419
76679
-60017
84417
96717
2181
2414
-24
98917
60089
68117
-7766
66939
60299
40319
97529
-31617
38449
92399
85617
-1302
9748
26417
-19817
-7618
4279
91989
73869
8710
97917
40829
79049
482
9203
-6112
70299
-9488
96809
87017
7655
34729
42599
8053
8127
53299
5739
41149
1212
1804
4994
73969
49619
78359
-59717
-24417
70549
19079
-5556
6509
4790
-653
-4590
6754
48529
76079
5458
49817
-1160
-4841
9910
-37217
40709
83089
41139
-9145
-6497
10917
91839
13899
6434
-65917
6382
-8763
-8967
6768
33329
51049
-89517
5550
97409
20569
9682
4263
8795
3443
22699
1019
-1336
-3395
38769
43929
6279
-26817
83769
5453
17079
61617
-1255
23817
402
-3363
-7018
71817
18339
3337
60279
94719
-78117
-796
-22817
50329
55917
6625
36159
51909
37189
83519
53109
302
98799
57617
1952
-7796
43079
-2124
7897
14929
71469
45989
-57917
13417
-7947
3770
5228
97259
-5144
380
68599
-1743
-1180
-7744
39289
9901
20199
-18417
3417
66689
22649
582
-9044
5096
34649
-2245
-9359
-4627
-89317
62317
-84417
-2589
-5914
35629
-9280
6938
2983
-3135
-40717
89409
6224
60199
5216
-91817
6684
74969
95229
-2455
-93317
6809
-7117
9331
5356
-2301
-5871
18169
10639
-5518
-7764
46399
66717
5759
3313
55429
32929
-7128
-8671
13389
-9185
-1087
55317
5636
-6477
-2671
2244
29529
-7486
-4676
1911
39349
17379
33017
6149
98717
29269
91719
-8913
-9830
67599
41817
5781
6420
-2292
-84517
7422
93089
-7103
7320
7025
-60617
83349
-78717
9758
7026
2103
-42617
8539
88489
78179
9038
99659
7867
-6696
67399
-5270
568
1109
4937
-7051
-2926
91819
-3269
96429
-9613
961
-4719
-1671
-1616
24417
94617
89217
-6195
30419
81517
6318
-1917
73919
1645
-1763
712
-7270
95339
22717
-74817
1567
524
94
3676
3714
80917
45789
7361
9718
69129
88139
79409
82569
94009
54929
2175
44359
254
9047
9145
5238
85289
32629
19879
-6668
76739
-8990
-39617
3406
-45517
-7165
-93117
56529
-27
17917
5710
27169
782
-8066
15949
18279
5794
9376
27599
-599
13349
9740
72417
-8925
9705
47429
-1840
2132
-476
-84717
84199
941
15517
4958
66817
-1056
-9816
5307
68949
1819
-10017
66209
61417
97609
94549
96149
50759
8670
-1910
96517
22399
79469
89559
1545
63029
-73817
51817
86429
-47117
22799
-9958
-2118
-87317
9780
5418
-7222
66189
1113
5301
62409
-1105
-78917
4408
2800
-8328
6234
-2642
97717
5457
9764
9147
41399
82479
3641
-44317
752
88669
-5438
197
1471
-12917
84639
65617
28939
-1552
-4730
29559
82717
-688
984
-80717
-6094
-1347
27639
84659
-6859
-371
56199
7228
88829
-78617
80139
76699
3089
-59917
-6313
6590
-7260
-9660
3865
-3542
-94317
-36017
-8302
91217
-5698
-2185
-90017
-7719
84589
1469
51939
-49017
5275
69779
-4096
718
8980
8835
68729
-51017
42079
2206
-3201
-8112
53449
-5007
7508
9434
19909
-85717
70929
1910
34259
-7535
4259
82617
7579
39029
-488
56439
-7249
2796
4569
-6417
3911
40199
7849
54029
6412
1973
-9812
5245
-9974
-55117
18709
-4315
56079
-2937
-4398
83159
9155
7527
39169
-81617
-3615
36229
122
35017
-780
54989
5836
14139
90549
81069
-8172
68819
97929
-39817
-9318
-4359
-3586
84599
5230
62459
45879
-4718
-1141
64517
47849
3889
26809
2106
1182
97969
62549
5137
64289
2409
-6156
12269
-358
-2811
72129
10369
92579
-16317
71917
-7679
-64817
22349
68489
-8944
-92717
1783
-8713
-6394
27229
26769
88119
-3978
-2212
-67317
9669
71717
63729
3895
3820
-1745
1285
70917
-8018
12329
56469
14849
76759
79149
52609
28439
-7994
-212
5063
32317
60417
-78217
31629
-2438
-40517
8451
77339
31039
-2401
11117
73479
-67517
60539
-4029
5722
78749
-67017
303
-8955
-4946
94349
38689
54909
50809
-5278
-5086
47717
85059
-956
8438
4275
2929
33839
19989
30409
3200
36889
1209
-60517
-403
-5657
58449
43539
8950
-7113
9643
-9831
8230
73419
-3141
3686
20929
8263
286
-2312
8649
60799
-5723
94949
9681
48117
-5098
-5526
73009
-63717
22129
91449
89049
7410
1858
789
8430
-40817
258
47109
9847
39709
29479
66799
6179
-87717
46539
-1827
67059
-5335
40999
67879
1869
298
37619
3367
19229
45589
7690
81469
44517
63659
-4243
72549
-6222
71417
2087
4069
9110
-92417
92709
-91917
-2187
43779
39717
-4384
34699
16049
91979
-5772
-40917
-9642
9544
82829
-47017
53139
8050
73029
2628
-3158
21139
85309
92309
5916
-4886
6119
7321
-1753
-90217
53179
-62917
463
-32117
-65217
214
87869
39869
63109
71217
7236
18059
51149
93817
99459
-97617
-69217
-4804
-89017
99729
55759
62889
-6813
61699
55779
-1257
94879
9738
11219
-3394
-79217
93499
-84317
2065
90459
-45017
6619
86679
2190
612
57929
54317
4431
31459
63719
-3676
2113
-1698
-14317
-492
12717
-6354
-8716
8243
77517
55739
46799
-6956
-4072
7948
20659
-6812
6503
46789
6189
-92917
92419
38989
6299
-70717
46149
58329
-38217
7724
93229
76089
55017
75729
85709
75917
76669
-26517
70369
67729
-3056
-66
-2213
-1843
1519
2376
-8519
12869
87719
4560
80869
-8253
3274
48739
85999
-7882
53339
7499
49417
-8686
9813
7013
21389
30679
-36117
34
-3516
-2990
63817
-2933
32717
8348
-6706
94699
7907
4365
-3902
8329
5064
2974
-52
1343
-5198
85679
88909
2605
4101
15129
-8186
4859
-5818
-24017
91099
76969
-9620
1176
35217
-2637
-53417
98849
31917
-2397
1102
2313
-3818
54017
2452
-5581
-8141
48419
59049
3351
39
77359
19089
91959
-4784
-6659
7467
2063
81189
24117
294
87749
37719
85517
-47417
-2088
3910
-34817
1132
13139
-61917
22417
76039
99679
33417
95139
65479
63
-1646
67369
7413
5730
97629
7957
21579
70879
29059
-88617
2742
76339
51317
-986
60459
92929
7919
-5962
2967
-77917
-4442
91399
72749
90859
16199
5563
95279
-31517
692
42499
37229
-60217
8413
964
-4694
-6418
54899
4430
550
4253
3554
-3204
5013
9686
4668
621
23899
46259
5706
-92817
-7710
-6203
7979
-43917
85817
-4975
64917
71209
25817
5119
46569
26299
-8247
-1923
7789
-6929
42899
-9213
-11317
-33517
8884
8399
35099
772
47517
22919
2711
7471
-7106
-60
-45617
56419
70599
6519
80259
89917
2818
-9918
-16917
56
-9349
4156
-5401
50599
11599
-9480
28717
82269
83379
67899
5824
7549
65239
-6218
68059
-4813
64629
24969
4573
12759
4959
29939
62809
92499
4455
22179
4688
85079
-48017
666
86919
-16217
4607
232
-4882
-6675
9142
575
57817
52817
82499
-2725
-9943
-7060
-8953
-75117
60589
40899
14
3061
4356
2535
23629
36417
-41517
10049
-3990
41229
4087
56289
-3842
-5712
9661
6893
-9275
2172
-4411
2369
-1102
4905
-28717
-9740
89459
1589
89479
93569
42417
71179
30459
59279
18029
34879
-22517
95189
75569
12339
90317
3613
42509
46999
198
-1870
-4853
78517
-1863
10817
5277
-8103
178
3471
42279
-1627
-1307
40049
52729
-7028
-3457
-1112
-46617
6375
37019
32917
52517
34017
4729
6813
38417
86629
73617
-2038
2751
-8226
17509
-546
2427
-34917
-2320
4355
15589
1468
-48317
9999
89579
21817
-26317
3029
-5686
92449
-99217
39259
2322
27439
-79917
7779
62709
-9401
10017
78329
82289
-9746
-40017
82189
-7763
90159
5017
36299
61819
-91317
1364
6944
27009
97617
-9690
11289
-56517
338
861
-86617
-9897
98709
39479
4229
-6804
7725
-63617
604
3759
6035
-4816
-3018
51017
-2518
37117
-3456
-35317
450
-9843
59319
-1874
33689
53939
35029
1989
42379
-7701
-593
96869
33919
77029
91109
89229
721
-97817
20259
-4928
-6221
-11217
40
-89817
-224
-5766
34159
-5605
12349
-1057
93619
-5907
-5403
1531
12169
40517
44049
38617
23529
-483
-7484
-2801
-2714
99049
-4687
19009
-68717
-8611
71149
-25417
16289
7017
3453
1345
-9388
-7598
5815
397
-453
8763
2200
41159
-5016
80017
76949
63789
9037
-8369
719
-7256
6624
42749
7065
3466
2977
1580
56459
-4976
11899
42029
-6684
2527
7401
24929
16569
-5481
13517
6426
17969
5849
62699
71279
-93017
5480
-520
-390
18749
67809
-9457
2088
-3032
4778
-1579
9733
13209
45639
89209
3010
17629
-92017
-7942
1240
2732
-59817
15399
77329
-68917
4058
-3040
91239
16659
-7913
51589
-8708
5630
92639
21629
18329
1978
1985
44417
-9329
11459
-7896
36659
-8502
382
2955
7622
45389
31517
153
36499
-1692
83839
26509
9513
47289
-5486
-7118
78109
2957
33217
-77517
-9598
48169
79117
152
-12517
-8912
1537
-61617
3705
67717
6929
-4464
79369
49399
97039
46609
71859
89339
-20417
-3371
2728
-9066
-10617
13089
80317
27989
-4175
-3091
-5983
93417
39459
-3561
61109
81919
213
1595
58017
-3848
72079
50269
75299
2507
-40117
-19517
-8577
-8248
86609
-8130
-4185
84369
25179
8553
1438
-2102
-65717
-401
95819
564
-16517
-35517
-717
-2708
8184
76179
5773
-5612
4023
4265
71699
-55517
259
4327
4942
282
99539
9409
13109
9197
50517
6247
-86217
18617
-24717
-44217
96349
-4323
-32317
98359
15317
-8084
54
29417
4631
4133
-5557
1520
27669
-9627
-56917
-2138
-88017
2204
-2625
9361
18009
-2838
-9571
-3437
4281
26069
-41417
99617
-71317
3944
5685
2281
-44417
-9309
1409
11889
30329
-9306
-9400
-95117
4720
78879
-35617
459
90239
78059
-9129
1177
78217
7449
2188
4217
97009
58119
-3577
674
-55217
16899
6987
-4314
14649
89617
26649
5591
-7778
21079
-5985
33979
1780
-64117
-1113
4175
76917
-23317
-19617
14717
-2176
45717
6805
83999
-3128
70679
6674
-6544
1512
76019
-5820
84679
94369
5489
-9661
9429
-3205
-2400
-5534
78209
38817
9874
-4771
26739
88629
6032
28019
-84217
168
9169
65769
11789
49269
-845
272
40759
76099
3020
-5093
92279
66917
-26017
38969
46669
73489
2942
-2310
-2175
19669
-1324
5279
15069
314
91969
27717
89659
85439
-3935
36017
-70317
7613
8522
17699
-7315
64399
10739
-47617
75159
58309
5871
-67817
-20817
42649
-8684
-2385
-9639
50349
3170
-7936
-96917
-81417
7920
457
-9262
43717
37629
-98517
4802
-1027
12629
73799
82217
67217
-46117
-98817
-1124
-10117
-2824
-8139
5928
85189
72029
56579
5596
73209
4723
94319
85217
45517
6190
48489
-4290
8029
-3206
67179
1969
6588
-4762
2259
-4418
-91417
87949
-2162
40169
-83717
-2147
11169
73217
87117
53317
23517
-9463
61009
2209
784
-684
-8418
6995
-23017
65279
-4225
-4153
-4241
42117
94539
422
-7728
92217
-8388
50659
88049
60029
95919
-5385
97517
-3209
19789
90419
96589
1862
-6057
13159
3959
-1524
2380
-9001
88317
46699
88019
-26417
66517
-6561
3880
57599
-1964
38089
5604
71059
73139
-47717
20589
-69317
9913
29679
-6404
3385
52417
2704
2769
99279
3394
-6092
-94617
17139
19249
-3312
-4567
30709
-5468
69479
91517
15679
-4712
64909
98589
-7957
4687
37817
-60117
-11717
3727
-97717
2789
-6488
-2916
2354
18939
9729
34379
-8613
6229
9013
35617
514
3846
5877
4830
9647
58417
-79617
-69917
98617
-8900
78489
-4760
-4368
88217
82817
-6398
46489
2821
90599
904
-9302
72717
79559
71529
6261
64959
-7847
-3436
-32417
59849
58717
-42817
-8284
-74117
-5100
-9112
90799
30829
9565
21119
45429
51419
-3879
21759
-7140
-76617
18159
201
-8951
8904
544
75589
-4617
-56417
-18617
88499
-2703
66529
48349
-3054
12
6713
-9179
94389
-61117
2169
25199
55259
6213
16669
-6429
58117
15669
98517
6112
-5159
4323
54299
44717
28989
33517
9268
-8984
36717
8066
50049
3669
741
94859
-9552
45119
93289
34417
-6512
8526
572
-9201
-4958
5687
-75417
1956
9079
-9441
-5275
3505
56209
5610
-5092
30379
9414
5439
-5412
-6542
97
21159
30119
18929
80817
4608
20689
15829
-85317
8531
27149
-6634
235
62717
-44117
59959
-9172
-1677
-5636
-86317
-8968
72299
26389
9589
92829
89349
-9119
894
8459
-8557
-851
74617
37709
63689
63209
42017
9727
5081
16769
1067
-32017
61917
91049
61789
70579
73299
46719
71169
80959
85949
67839
4071
38109
-5579
7908
59917
9769
87429
24769
98729
-266
-92317
67517
10699
80149
-1038
9872
-94817
58317
86417
60629
85419
56949
77717
51959
-712
765
62539
-4776
86159
2250
2667
6688
-6777
-34417
56679
4913
-74517
-1004
10969
19017
9133
84419
32909
434
-6386
-9459
6057
-2135
-1656
35389
8628
-74917
-3737
16889
-6913
82329
383
-1612
5837
-1717
4025
-2624
2315
-98617
2089
43819
-2413
-8594
9664
74817
-41917
94669
9936
5502
-82417
60179
52617
54699
7130
86309
-83317
32359
-3513
24559
73339
-82817
3449
8000
69319
88469
-57317
-21217
5391
2051
50249
3564
-90617
4159
16039
-68017
19709
7729
-2615
-6539
146
67549
-43117
-2891
-45917
-58517
932
73817
95117
812
6278
-8398
8377
51117
8309
-1845
6053
-7044
-35817
98829
68269
79399
2372
54759
6792
-5113
-8218
13299
19629
-20917
27899
56789
-2318
292
4699
36819
33659
7884
7992
4172
17119
-4038
-30417
-15217
5032
1440
-95017
72799
86759
97089
4606
59759
-6946
-968
-8009
35317
47659
17617
38379
-3013
-3854
-95217
-7840
2461
81717
29499
44339
7444
72579
94417
49099
-1359
104
2488
69617
17817
80029
-2918
-5386
8219
13217
-8409
4947
8249
2437
83279
5486
63199
8784
2953
87149
34049
86899
-1550
-63417
26499
-38517
9030
-83517
-1813
-5013
1281
5362
-1835
25809
9996
-39917
1940
150
-2336
-2427
37429
-6613
40349
20229
7890
-4279
-1322
-4809
-811
-4336
90329
-5507
-9006
78079
-7196
-1354
62129
-829
-2322
32959
35949
76889
2119
61759
41169
3247
-40417
35429
4764
25539
93349
5443
91629
53917
5209
-5318
77979
260
90199
-34017
5924
14189
25879
-77117
-6881
53659
-5018
-6425
-3043
-3030
19609
-475
-79017
9347
-6920
8160
49839
7569
3100
15729
93109
84617
8316
-4545
33117
-430
16549
-9436
58989
-8199
93969
-8294
-6543
-5949
-1275
-847
-91117
-49717
-9985
-6747
-7832
-4300
-5107
-908
6089
-4521
48717
5809
3716
-4067
23819
7621
-8155
36999
-81017
59719
-4586
26059
8035
8395
88719
79917
32819
-16817
-70
4582
61317
277
90017
8951
-7984
-28317
84189
80589
43189
47959
-6282
-30917
-6027
8215
-29517
60617
742
-2113
-61517
-9676
43409
46549
79669
-54817
24909
11489
85519
-3735
37329
26117
-9780
3110
66959
-5777
36569
-48617
82939
5067
-3039
14909
50617
-73917
6271
7079
15459
1813
49509
844
9944
56817
18429
-12217
6313
8669
5169
-30117
16309
70469
64479
5147
72099
-45717
69339
14939
-2641
-58417
67909
98929
17689
3263
-1661
-1072
18917
81779
-3527
10829
32729
14599
25317
8136
1535
10169
82859
21469
29817
43499
82979
2353
9976
42199
2695
9167
-3106
3132
36639
-3218
22317
31429
5676
-7986
-5472
-2775
-38617
59779
9539
6949
-8335
92517
-71117
81317
79017
7372
-78017
89319
9689
1570
97317
-58117
96019
85339
7107
-75817
-76717
-5182
-6270
32799
8092
24519
7028
36917
8586
5128
-25717
61339
8362
2738
-8133
23489
96209
-9344
-6670
-7313
-1194
1538
3793
942
672
-58317
6639
77899
94289
3712
5784
-8858
26019
-6024
4613
75049
-4066
-61217
-6114
591
34629
6175
3379
60117
48219
49429
39249
-8189
44969
84217
-20217
3044
98789
6582
99929
-6830
-8520
71799
29869
2949
3954
9279
6499
9713
71069
-2992
9260
-57417
-7266
-1100
512
12639
34217
2124
83517
2219
-1478
3842
19579
43799
6683
4349
-3311
83659
99509
-62217
-8442
24379
86539
-3773
99359
5300
-7577
31659
12417
65169
58579
-4007
-1433
-4466
-3007
93779
-394
-27117
73779
86489
-176
-9930
28629
-4937
194
-9919
7832
8103
21519
-4470
-72617
-8924
4949
8456
-259
-649
19117
54817
-8560
914
7909
29339
8833
7838
2614
35179
94817
93359
-15117
4248
-80817
49317
-2270
19617
-62317
93917
87669
-38717
-69117
91859
85869
15799
47629
78259
26149
47069
26717
31617
-79517
96719
-2022
301
34517
7305
58999
-3000
70919
-42417
5312
17117
5431
7424
45217
2081
-6356
-4009
-30717
48299
1658
1717
-3212
93799
-50717
-278
-22017
86409
84779
-3918
71019
78579
-7512
-5955
75009
67509
9743
-8142
79959
76817
-60317
-7866
82169
7513
72989
8748
43109
-6996
-31917
56629
-6899
-7273
14449
-8292
99217
-1089
-4496
-433
7679
-6412
4186
-9193
50217
4890
7900
36469
6820
-7356
57117
57189
6239
24699
67317
-7579
1859
67969
13317
60817
-8702
-6832
8204
48889
43417
-9393
-9611
3809
66629
-53117
-5393
-60817
-5034
2803
874
8020
40149
84479
41119
73117
8322
9652
-3603
93099
-25517
4875
2905
671
-7088
-6318
3239
10159
81089
-3124
37359
18689
2108
2419
-7624
62269
24409
97417
67919
34389
-15317
37017
37259
54259
23559
-2291
-9680
28217
60379
1659
38017
8232
-74017
-9090
26479
6469
19969
36089
66149
-9294
-9098
-11617
-8887
3588
30499
-86117
-1395
27917
81619
31559
2809
94619
11739
2528
-3193
7699
41117
57039
-27717
32419
-8377
24069
11729
-46817
68099
-6443
66499
953
-4918
-80217
6449
71939
-192
41179
1341
98919
-57717
1641
-5869
-54417
4512
15869
6556
71389
5796
82339
82517
-95917
40729
15309
-22217
315
2578
9619
-52217
54549
36649
-5584
-3731
17459
5629
3215
-7559
62
15899
29117
-7944
56639
-1053
18799
4309
9200
68319
82159
1097
80889
-98417
-8113
1509
1451
51889
-4572
-5326
17839
15579
-38017
-75217
-6838
6832
67617
8787
592
-15517
-65617
2309
-34617
-7877
-9462
99419
5555
40817
59159
9067
52917
-6621
-613
43317
63329
28319
9790
57999
-9664
-62717
74217
3368
65539
12969
17009
-98
-7115
2136
-7634
4052
74699
21019
-1134
57849
-7435
7474
-4732
84699
1584
-8551
83039
92379
8013
89769
7334
8481
-4269
3269
-47217
94189
5044
32417
-9619
38517
26589
48517
40917
-2095
45219
-58817
83099
80939
6821
20017
6007
-50617
-3652
93699
63879
-36317
4288
652
9639
2023
63417
4285
8789
51799
11149
-3103
44749
8709
7875
60259
18717
-1569
61399
1767
16159
28369
55517
-5049
18549
45617
27317
-65317
1482
7464
9646
92779
-8513
-4713
-1313
30339
-3404
-62817
-66217
91299
5408
69409
8267
-2441
-835
28509
-24917
26029
-840
92349
54939
4277
-1434
20319
-13117
8597
755
51517
-3460
42929
-12117
99829
84499
14679
9222
5821
18579
-31117
16109
64279
76317
-3744
-48517
34909
-78317
59817
-50917
62817
92269
55129
7299
-55617
7669
-6791
65809
-5156
-9107
70849
43489
-22917
25417
-9093
6152
31239
90417
-1309
-32817
24329
8606
87799
-43717
23279
-8213
-60717
-3966
43609
-7749
16419
1429
-7012
11769
-6964
13579
-5668
70419
75939
-7046
6393
89879
-47517
-2256
72459
-3077
40689
3929
28909
28429
-72317
-9002
-7294
-35717
-2898
-4513
25319
312
-8456
5744
1426
8647
35739
66839
26729
-1573
6699
-88417
6212
86209
48129
25117
29169
4307
8394
17417
-7996
1269
-7352
-3217
88299
9089
5389
-82117
-1212
6413
624
-6936
-4142
7189
6542
6940
25519
-37
502
1121
19849
-4805
10349
30917
1853
-814
-2178
90699
11449
74039
49669
-2733
-64617
59899
52799
71679
45619
84029
8299
2651
83117
79029
17909
49999
37799
6724
-7912
-6212
26559
30617
6063
632
68499
-5368
3456
-1419
354
9296
7287
-18517
10519
-3628
-7412
-68617
46509
79389
1992
15559
-9735
-95717
-4449
-8495
-75517
9229
2329
9841
4794
13817
-6901
-10217
9548
9271
54409
-4821
5211
70989
70409
-29617
79579
17729
-230
-2457
8519
-14717
2356
58879
42217
5598
78909
1888
-56317
-3931
92617
51717
3728
-74717
-2728
4086
73609
15039
-43517
39989
40417
16329
78569
85989
-53917
-11117
70559
-3082
32217
59509
-4754
99809
70069
-42717
-296
-3709
77919
58617
32989
-2712
-4312
6718
27409
88699
93517
49617
9068
8079
65017
10819
7099
72917
35289
-8526
484
31609
49649
12859
4879
22617
-2018
-7919
9137
-48117
-1816
-82917
89317
31669
-4613
-3960
2279
6134
3825
-83217
24229
91379
27999
924
-183
-76917
261
-6672
-40617
-9713
6277
6749
577
8435
-4425
6954
99319
-5135
-64417
89979
5833
58659
-30
-5919
9113
1823
-33617
1729
-15717
1382
64249
5519
55217
5177
1334
81417
-51417
81279
6432
15959
46089
-8734
-63917
69389
34029
7717
69217
65549
89129
-333
87217
-19917
-23917
-8412
26859
55569
9164
56219
-49217
87917
6522
96139
77417
85389
89159
-741
-9963
182
2764
-2098
-6712
-3871
4670
15539
97059
94717
12799
636
54079
-4894
13549
994
-3066
-8147
4313
842
613
75669
-85617
3119
-29217
8735
1357
57589
75359
26017
-35217
3574
-8485
25299
46729
413
-9109
3047
3445
8398
-25317
-69617
31139
2833
54309
-3318
38349
-5359
2618
5449
-22717
-61817
2099
-24117
-57217
82317
72859
-6898
51099
19599
81979
37739
1913
70217
70999
-9106
6849
27017
-9303
6054
69117
-7707
72317
3109
3972
-1927
-3796
-99617
154
65369
-4605
5737
22709
1015
7356
28459
56319
11719
30009
-5137
-3155
59179
86117
9749
73619
-2676
31739
8613
22469
-9297
27617
-96017
68779
67929
-7120
3099
3583
70019
2201
66017
73699
-7518
-1795
53829
-69417
7834
26817
-75017
7666
2046
6760
98149
27519
24369
67417
-36217
7399
-42017
5672
-427
47989
9017
8266
-6766
5526
49979
1075
40617
58249
-72017
78989
30589
-4132
-29317
-3009
73717
-99517
37279
66669
2408
72369
92249
65217
-7596
-23817
-10317
2921
5791
-1512
46689
-54317
1836
3890
6753
-33217
-3345
1860
7019
6399
90369
-3050
72739
8562
43817
78529
-65017
-1577
-2015
-67717
-3833
5148
54917
4219
-5533
-85217
7554
-5313
52439
22599
-5713
-4341
83649
-50117
-3584
91039
-3880
25309
21917
6345
-6120
4100
90379
30909
-4150
91029
-6645
17317
2887
7888
77529
57279
63749
-2362
31369
-3182
-1711
-2651
-70617
9889
84409
-8357
53159
2388
83569
8937
7876
884
5776
3513
-37517
-8493
69819
25019
9129
8049
2494
-96317
1914
32109
5143
4864
5018
22217
27199
91559
2659
-591
22939
46817
64209
84449
-9083
-251
63017
53879
4439
8959
56149
26869
27459
30117
2978
74
51999
-13417
-21817
-7539
-8772
27909
-52717
-3213
67009
-9993
-4764
918
-6419
7263
-22317
81509
-7712
735
-14017
57139
27359
-495
6309
-1208
366
40219
98909
1674
17419
44809
24617
-7198
80217
90669
24349
1690
2248
-64317
-49517
19729
7913
-4502
9430
49349
-9473
1199
-77817
5262
-17217
-6296
4397
3154
25217
-752
-64017
-9118
-55317
3169
2600
9909
-5731
3322
2220
4119
56999
-5241
-97317
-18917
73119
-8423
-8537
464
2770
-5139
41617
51659
53349
-2029
40117
58219
-392
8405
64049
-5737
94869
-5068
-9053
88209
63717
5329
-9377
-2424
26109
-65517
45317
33609
6829
-4501
3159
1108
2723
58059
5289
-7813
4244
93539
16829
3189
61969
-13217
45329
7210
54129
58479
58699
-4213
6606
-89717
7159
99019
-6979
52717
-2208
50379
-5378
-3604
10617
-7292
5003
58779
-3027
21219
